<?xml version="1.0"?>
<opencv_storage>
<intri_matrix type_id="opencv-matrix">
  <rows>3</rows>
  <cols>3</cols>
  <dt>d</dt>
  <data>
    6.5469085421990098e+02 0. 3.3174762439937098e+02 0.
    6.1507501345808896e+02 2.5772998200823298e+02 0. 0. 1.</data></intri_matrix>
</opencv_storage>
