<?xml version="1.0"?>
<opencv_storage>
<extri_matrix type_id="opencv-matrix">
  <rows>3</rows>
  <cols>4</cols>
  <dt>d</dt>
  <data>
    4.2491681999999997e-01 -9.0515862999999996e-01
    -1.1556739999999999e-02 -1.2735844439999999e+01
    -4.2043735999999998e-01 -1.8603148000000000e-01
    -8.8804545000000001e-01 1.6155254560599999e+03
    8.0167208000000001e-01 3.8220432999999998e-01
    -4.5961041000000002e-01 9.8788582025000005e+02</data></extri_matrix>
</opencv_storage>
