<?xml version="1.0"?>
<opencv_storage>
<extri_matrix type_id="opencv-matrix">
  <rows>3</rows>
  <cols>4</cols>
  <dt>d</dt>
  <data>
    -4.2659229999999998e-01 9.0409024999999998e-01
    -2.5295030000000000e-02 -6.2794347030999995e+02
    4.6118416000000001e-01 1.9337973999999999e-01
    -8.6597542999999999e-01 -2.8723972210299999e+03
    -7.7802839999999995e-01 -3.8108410999999998e-01
    -4.9944641000000001e-01 8.7235477656200001e+03</data></extri_matrix>
</opencv_storage>
